68.10416461030931 541.0528729752848 502.0075641142929 383.60465700760625 183.63000161616637 
221.9586980670285 219.1942637794273 281.99685409214715 110.98934283661346 618.6891385654776 
498.34670002669685 570.4622761413901 262.0631908996455 463.8891404136781 541.1658950407405 
232.73119307620266 208.37497994962698 22.20191931747651 116.8317917320322 124.90488987564657 
365.62029994192403 539.2365218256164 135.32076776372713 254.12901609149458 317.29573335961743 
245.8453851761128 601.6191348527265 523.1239111961601 98.52045003252812 176.3058215447026 
546.9264623677576 274.16555088547557 111.14460136461429 208.99896117568375 482.9422803801467 
516.1110030917423 291.23792272150735 88.18002191641217 275.33014871157485 268.0619717732625 
500.0525539918079 535.4336944456272 482.45260690135893 203.26037535030352 59.553706120978546 
309.408273788409 355.4710050485945 526.8095602054495 503.6119198809024 222.42237558177231 
245.90366339647602 570.8148681305225 165.95074583961818 72.5379436796217 116.73646343214463 
540.5375917618182 575.9434979169869 399.69336520933143 403.1792513141528 595.1556569062295 
383.3529318425426 124.49032367275196 219.16213404915325 396.7250881517444 83.1074874902372 
478.2282374963449 55.66520569209646 610.9358782968379 161.20792405458852 582.7800710854423 
66.97551130029282 193.25611682656776 32.85809880165243 188.90309309608065 190.96502284408567 
244.05789515188218 493.91360660061946 31.578534382294926 99.48340351205543 166.31906288701865 
556.7419728549255 610.9737248026728 124.95917815130626 209.49432158906419 91.5883718485364 
357.62063899231094 259.303215920859 33.14952906887825 44.540272553650944 290.4044168729289 
471.2081831318365 473.9528929224297 553.185149318372 225.9557040706647 337.93776953445285 
249.6169487434909 431.0546281881517 548.0405881206789 337.69939519932564 483.3848809673329 
441.9491481650312 295.54183704729303 98.69413419789562 82.65506839532166 335.236691442765 
477.62514020286704 450.9376561067893 555.3375241087675 163.21938028990232 74.68424123842463 
76.94596177404503 597.5360894701852 351.661660021805 533.6585513305212 507.37955790984375 
536.1499848650931 544.5739238482045 516.3171459484088 357.73983352862075 259.98860817494597 
394.3452498634435 609.1027735191287 52.21154655575358 222.99319704537473 218.3189405631165 
53.12961387169682 30.74501822281151 253.15925041067769 192.90473631993146 102.928776916227 
185.47174239888668 50.75334769047717 506.32142449494404 572.5349084002469 22.547360639512554 
609.4181225386866 241.06349656991864 277.5079781346699 395.51552681640715 543.7592396670759 
107.18574037985537 231.48382763804787 606.2866076391977 57.007984102083924 497.4994153610898 
205.84728884101867 419.82483680968 232.3533069268171 285.7738397794759 411.12162514315617 
