348.1521231330425 70.00678884145388 423.0292690892489 410.830531009672 440.29827471073094 
205.58602040478706 142.61516264382044 369.54196830261054 65.24971341500245 160.550074436257 
131.37684246619546 266.09689854943247 401.7301572280596 478.2583174901631 483.51580921547634 
160.91744852955486 131.3168214089974 61.75158789738576 366.1747632381934 385.26316134292944 
498.1181862026582 422.5242833844105 262.1139238215759 428.32397578068446 367.7495412977321 
347.0516569638524 118.91196169407836 414.9200635022735 381.310004710174 108.02533192215573 
62.89465105940167 363.2613457863198 425.0637545057567 472.25020505497713 460.99448342334017 
37.22002757505487 261.5287426294494 382.1558644599275 238.7443457744024 332.56917547050665 
292.6760576638239 312.8755830037623 487.6083153877321 261.6404576102072 50.94295618972743 
431.84612180711326 19.852684989148706 225.85426207038182 138.7627407472975 312.8814160397227 
154.1605126927031 390.57518133922855 462.3146717086184 81.67315012656478 140.19262790934172 
101.74610558528218 230.19690107029072 494.67165601097525 255.2983019584002 408.75399794514794 
312.72564155424686 78.29985472781891 231.57873437164582 382.9804790716006 182.5637192125643 
80.45374571333323 296.5064034341076 46.490357496268835 282.3815925394507 111.24224978635432 
235.30348783076732 350.3111995202882 290.253885703315 474.91983944704776 508.28242656980257 
266.75716086881897 378.4947535953853 319.9647736037215 81.35176817210015 185.2500061847483 
186.63503317553253 359.2562697910044 252.890432177085 426.0907136861191 354.2443535254381 
37.30374763964433 385.193470624649 311.6345351832482 84.30140868421358 146.48103335166394 
73.69256804722306 359.3227709443358 332.81536078564596 19.218990491962565 412.1542074442944 
286.0244239034639 345.4016483526915 48.109418421330474 137.05888605973405 138.1406909512694 
386.5152827523898 410.87350114273926 59.36420785139867 486.9256010885117 132.04465062179236 
502.1478453262589 316.85524764924213 253.47579171043492 320.9691325107851 199.04131205337077 
105.28521133178725 352.8426098675626 386.78353692594555 212.4156922218966 171.50935860880793 
471.7197197606307 414.3924774820928 400.8434338776036 476.81567095078015 419.1591313691059 
393.1778748848932 49.19538573202974 63.654944405598314 114.7690661642831 361.94266302240646 
238.811962572973 283.9739053271142 403.8465710811187 166.43385481190404 61.21050683738554 
172.35402503070557 13.898024753601902 175.14808805803642 52.2822781301479 372.15950101527113 
92.00083089272198 424.12273618816647 348.9320573000108 147.89734526246923 387.45917086564106 
286.4157301979771 195.11340570069862 141.99275295466433 269.20717368506587 386.9772996077503 
49.21291270046024 159.18290446394582 392.41243134678234 108.61661112436238 169.73642363928687 
